(98,98) -> 0.2602
(97,97) -> 0.2701
(96,96) -> 0.2784
(95,95) -> 0.2842
(94,94) -> 0.2867
(93,93) -> 0.2854
(92,92) -> 0.2804
(91,91) -> 0.272
(90,90) -> 0.2611
(89,89) -> 0.2487
(88,88) -> 0.2362
(87,87) -> 0.2247
(86,86) -> 0.2154
(85,85) -> 0.2091
(84,84) -> 0.2065
(83,83) -> 0.208
(82,82) -> 0.2138
(81,81) -> 0.2237
(80,80) -> 0.2372
(79,79) -> 0.2534
(78,78) -> 0.271
(77,77) -> 0.2882
(76,76) -> 0.3031
(75,75) -> 0.3137
(74,74) -> 0.3182
(73,73) -> 0.3157
(72,72) -> 0.3057
(71,71) -> 0.2891
(70,70) -> 0.2672
(69,69) -> 0.2424
(68,68) -> 0.217
(67,67) -> 0.1936
(66,66) -> 0.1741
(65,65) -> 0.1604
(64,64) -> 0.1537
(63,63) -> 0.1551
(62,62) -> 0.166
(61,61) -> 0.1878
(60,60) -> 0.2224
(59,59) -> 0.2714
(58,58) -> 0.336
(57,57) -> 0.416
(56,56) -> 0.5093
(55,55) -> 0.6117
(54,54) -> 0.7167
(53,53) -> 0.8161
(52,52) -> 0.9009
(51,51) -> 0.963
(50,50) -> 0.9958
(49,49) -> 0.9958
(48,48) -> 0.963
(47,47) -> 0.9009
(46,46) -> 0.8161
(45,45) -> 0.7167
(44,44) -> 0.6117
(43,43) -> 0.5093
(42,42) -> 0.416
(41,41) -> 0.336
(40,40) -> 0.2714
(39,39) -> 0.2224
(38,38) -> 0.1878
(37,37) -> 0.166
(36,36) -> 0.1551
(35,35) -> 0.1537
(34,34) -> 0.1604
(33,33) -> 0.1741
(32,32) -> 0.1936
(31,31) -> 0.217
(30,30) -> 0.2424
(29,29) -> 0.2672
(28,28) -> 0.2891
(27,27) -> 0.3057
(26,26) -> 0.3157
(25,25) -> 0.3182
(24,24) -> 0.3137
(23,23) -> 0.3031
(22,22) -> 0.2882
(21,21) -> 0.271
(20,20) -> 0.2534
(19,19) -> 0.2372
(18,18) -> 0.2237
(17,17) -> 0.2138
(16,16) -> 0.208
(15,15) -> 0.2065
(14,14) -> 0.2091
(13,13) -> 0.2154
(12,12) -> 0.2247
(11,11) -> 0.2362
(10,10) -> 0.2487
(9,9) -> 0.2611
(8,8) -> 0.272
(7,7) -> 0.2804
(6,6) -> 0.2854
(5,5) -> 0.2867
(4,4) -> 0.2842
(3,3) -> 0.2784
(2,2) -> 0.2701
(1,1) -> 0.2602
(0,0) -> 0.25
Resultados:
 
Custo: 14.476884038106054
